            date_time       impl  bch_sz  accuracy  total_time [s]  cpu_time [s]  cpu_lat [ms]  gpu_time [s]  gpu_lat [ms]                                             layers  size [Bytes]
0   18-10-22_00-05-27        cpu       1     10.00          450.23        450.23       45.0227          0.00        0.0000  [[1, 1, cpu, 0.0, 0.0, 0.0], [1, 2, cpu, 20.9,...       3075472
1   18-10-22_00-05-27        cpu       2     10.01          473.81        473.81       47.3810          0.00        0.0000  [[2, 1, cpu, 0.0, 0.0, 0.0], [2, 2, cpu, 20.93...       3083760
2   18-10-22_00-05-27        cpu       4      9.99          475.55        475.55       47.5546          0.00        0.0000  [[4, 1, cpu, 0.0, 0.0, 0.0], [4, 2, cpu, 20.8,...       3079568
3   18-10-22_00-05-27          x       1      9.96          960.94        250.37       25.0371        710.57       71.0567  [[1, 1, x, 0.0, 0.0, 0.0], [1, 2, x, -1.58, 10...       2038400
4   18-10-22_00-05-27          x       2     10.00          537.32        168.80       16.8795        368.52       36.8524  [[2, 1, x, 0.0, 0.0, 0.0], [2, 2, x, 0.21, 5.0...       2050904
5   18-10-22_00-05-27          x       4     10.00          634.57        119.74       11.9743        514.83       51.4825  [[4, 1, x, 0.0, 0.0, 0.0], [4, 2, x, 1.4, 2.5,...       2046784
6   18-10-22_00-05-27          y       1     10.00          733.04        243.88       24.3884        489.16       48.9155  [[1, 1, y, 0.0, 0.0, 0.0], [1, 2, y, 16.91, 62...       2034304
7   18-10-22_00-05-27          y       2     10.00          686.19        196.51       19.6506        489.68       48.9675  [[2, 1, y, 0.0, 0.0, 0.0], [2, 2, y, 12.75, 62...       2063192
8   18-10-22_00-05-27          y       4     10.00          617.09        127.19       12.7189        489.90       48.9904  [[4, 1, y, 0.0, 0.0, 0.0], [4, 2, y, 10.63, 62...       2050880
9   18-10-22_00-05-27          z       1     10.00          477.40        183.33       18.3326        294.07       29.4072  [[1, 1, z, 0.0, 0.0, 0.0], [1, 2, z, 12.37, 49...       2030208
10  18-10-22_00-05-27          z       2     10.00          459.59        172.06       17.2061        287.53       28.7530  [[2, 1, z, 0.0, 0.0, 0.0], [2, 2, z, 12.01, 49...       2050904
11  18-10-22_00-05-27          z       4     10.00          458.24        141.94       14.1943        316.30       31.6300  [[4, 1, z, 0.0, 0.0, 0.0], [4, 2, z, 12.72, 65...       2042688
12  18-10-22_00-05-27         xy       1     10.00          731.21        242.75       24.2749        488.46       48.8459  [[1, 1, xy, 0.0, 0.0, 0.0], [1, 2, xy, 16.91, ...       2034304
13  18-10-22_00-05-27         xy       2     10.00          587.44        195.70       19.5699        391.74       39.1741  [[2, 1, xy, 0.0, 0.0, 0.0], [2, 2, xy, 12.56, ...       2046808
14  18-10-22_00-05-27         xy       4     10.00          522.74        130.41       13.0406        392.33       39.2326  [[4, 1, xy, 0.0, 0.0, 0.0], [4, 2, xy, 11.06, ...       2046784
15  18-10-22_00-05-27         xz       1     10.00          472.07        180.36       18.0360        291.71       29.1712  [[1, 1, xz, 0.0, 0.0, 0.0], [1, 2, xz, 12.78, ...       2034304
16  18-10-22_00-05-27         xz       2     10.00          446.44        165.22       16.5223        281.22       28.1217  [[2, 1, xz, 0.0, 0.0, 0.0], [2, 2, xz, 11.1, 4...       2046808
17  18-10-22_00-05-27         xz       4     10.00          604.28        135.67       13.5666        468.61       46.8614  [[4, 1, xz, 0.0, 0.0, 0.0], [4, 2, xz, 12.03, ...       2042688
18  18-10-22_00-05-27         yz       1     10.00          478.71        179.47       17.9465        299.24       29.9236  [[1, 1, yz, 0.0, 0.0, 0.0], [1, 2, yz, 12.99, ...       2030208
19  18-10-22_00-05-27         yz       2     10.00          456.09        163.93       16.3928        292.16       29.2158  [[2, 1, yz, 0.0, 0.0, 0.0], [2, 2, yz, 10.94, ...       2050904
20  18-10-22_00-05-27         yz       4     10.00          447.16        139.71       13.9707        307.45       30.7454  [[4, 1, yz, 0.0, 0.0, 0.0], [4, 2, yz, 12.15, ...       2042688
21  18-10-22_00-05-27        xyz       1     10.00          484.23        185.15       18.5147        299.08       29.9082  [[1, 1, xyz, 0.0, 0.0, 0.0], [1, 2, xyz, 13.22...       2034304
22  18-10-22_00-05-27        xyz       2     10.00          455.08        164.35       16.4351        290.73       29.0725  [[2, 1, xyz, 0.0, 0.0, 0.0], [2, 2, xyz, 10.85...       2046808
23  18-10-22_00-05-27        xyz       4     10.00          432.46        143.26       14.3259        289.20       28.9203  [[4, 1, xyz, 0.0, 0.0, 0.0], [4, 2, xyz, 12.02...       2042688
24  18-10-22_00-05-27  automatic       4     10.00          344.43        115.16       11.5158        229.27       22.9269  [[4, 1, automatic, 0.0, 0.0, 0.0], [4, 2, auto...       2544880


Total runtime of every implementation (excl. auto): 13081.880s

Total runtime of every implementation (incl. auto): 13426.310s


Total runtime including script: 15197.983s
