            date_time       impl  bch_sz  accuracy  total_time [s]  cpu_time [s]  cpu_lat [ms]  gpu_time [s]  gpu_lat [ms]                                             layers  size [Bytes]
0   18-11-22_16-26-54        cpu       1     67.08           93.68         93.68        9.3684          0.00        0.0000  [[1, 1, cpu, 0.0, 0.0, 0.0], [1, 2, cpu, 2.39,...       3103728
1   18-11-22_16-26-54        cpu       2     67.08           92.00         92.00        9.1995          0.00        0.0000  [[2, 1, cpu, 0.0, 0.0, 0.0], [2, 2, cpu, 2.43,...       3107824
2   18-11-22_16-26-54        cpu       4     67.08           92.30         92.30        9.2299          0.00        0.0000  [[4, 1, cpu, 0.0, 0.0, 0.0], [4, 2, cpu, 2.45,...       3107824
3   18-11-22_16-26-54        cpu       8     67.08           92.27         92.27        9.2267          0.00        0.0000  [[8, 1, cpu, 0.0, 0.0, 0.0], [8, 2, cpu, 2.51,...       3103728
4   18-11-22_16-26-54        cpu      16     67.08           93.75         93.75        9.3750          0.00        0.0000  [[16, 1, cpu, 0.0, 0.0, 0.0], [16, 2, cpu, 2.5...       3107824
5   18-11-22_16-26-54        cpu      32     67.08           92.34         92.34        9.2341          0.00        0.0000  [[32, 1, cpu, 0.0, 0.0, 0.0], [32, 2, cpu, 2.5...       3107824
6   18-11-22_16-26-54        cpu      64     67.08           92.62         92.62        9.2620          0.00        0.0000  [[64, 1, cpu, 0.0, 0.0, 0.0], [64, 2, cpu, 2.5...       3103728
7   18-11-22_16-26-54        cpu     128     67.08           93.08         93.08        9.3075          0.00        0.0000  [[128, 1, cpu, 0.0, 0.0, 0.0], [128, 2, cpu, 2...       3103728
8   18-11-22_16-26-54          x       1     67.08          535.37         40.59        4.0587        494.78       49.4780  [[1, 1, x, 0.0, 0.0, 0.0], [1, 2, x, 2.73, 65....       2054408
9   18-11-22_16-26-54          x       2     67.08          282.78         32.86        3.2860        249.92       24.9916  [[2, 1, x, 0.0, 0.0, 0.0], [2, 2, x, 1.99, 33....       2058504
10  18-11-22_16-26-54          x       4     67.08          154.75         29.06        2.9060        125.69       12.5689  [[4, 1, x, 0.0, 0.0, 0.0], [4, 2, x, 1.79, 16....       2058504
11  18-11-22_16-26-54          x       8     67.08           89.46         25.33        2.5334         64.13        6.4135  [[8, 1, x, 0.0, 0.0, 0.0], [8, 2, x, 1.35, 8.7...       2058504
12  18-11-22_16-26-54          x      16     67.08          128.23         23.67        2.3665        104.56       10.4558  [[16, 1, x, 0.0, 0.0, 0.0], [16, 2, x, 1.13, 3...       2058504
13  18-11-22_16-26-54          x      32     67.08          149.70         22.50        2.2496        127.20       12.7195  [[32, 1, x, 0.0, 0.0, 0.0], [32, 2, x, 1.03, 3...       2058504
14  18-11-22_16-26-54          x      64     67.08          225.96         22.23        2.2231        203.73       20.3731  [[64, 1, x, 0.0, 0.0, 0.0], [64, 2, x, 0.97, 4...       2058504
15  18-11-22_16-26-54          x     128     67.08          268.79         21.93        2.1933        246.86       24.6865  [[128, 1, x, 0.0, 0.0, 0.0], [128, 2, x, 0.97,...       2058504
16  18-11-22_16-26-54          y       1     67.08          275.66         40.53        4.0534        235.13       23.5135  [[1, 1, y, 0.0, 0.0, 0.0], [1, 2, y, 2.73, 7.0...       2054408
17  18-11-22_16-26-54          y       2     67.08          268.21         32.76        3.2764        235.45       23.5452  [[2, 1, y, 0.0, 0.0, 0.0], [2, 2, y, 1.99, 7.0...       2070792
18  18-11-22_16-26-54          y       4     67.08          263.89         28.91        2.8912        234.98       23.4979  [[4, 1, y, 0.0, 0.0, 0.0], [4, 2, y, 1.78, 7.2...       2062600
19  18-11-22_16-26-54          y       8     67.08          260.63         25.40        2.5404        235.23       23.5233  [[8, 1, y, 0.0, 0.0, 0.0], [8, 2, y, 1.36, 7.3...       2062600
20  18-11-22_16-26-54          y      16     67.08          259.53         23.68        2.3677        235.85       23.5853  [[16, 1, y, 0.0, 0.0, 0.0], [16, 2, y, 1.13, 7...       2066696
21  18-11-22_16-26-54          y      32     67.08          259.22         22.50        2.2497        236.72       23.6723  [[32, 1, y, 0.0, 0.0, 0.0], [32, 2, y, 1.02, 7...       2066696
22  18-11-22_16-26-54          y      64     67.08          259.57         22.25        2.2255        237.32       23.7320  [[64, 1, y, 0.0, 0.0, 0.0], [64, 2, y, 0.98, 7...       2066696
23  18-11-22_16-26-54          y     128     67.08          260.66         21.92        2.1916        238.74       23.8736  [[128, 1, y, 0.0, 0.0, 0.0], [128, 2, y, 0.95,...       2066696
24  18-11-22_16-26-54          z       1     67.08           70.36         40.58        4.0581         29.78        2.9783  [[1, 1, z, 0.0, 0.0, 0.0], [1, 2, z, 2.77, 4.5...       2050312
25  18-11-22_16-26-54          z       2     67.08           60.11         32.83        3.2828         27.28        2.7281  [[2, 1, z, 0.0, 0.0, 0.0], [2, 2, z, 2.05, 4.4...       2058504
26  18-11-22_16-26-54          z       4     67.08           55.80         29.08        2.9077         26.72        2.6715  [[4, 1, z, 0.0, 0.0, 0.0], [4, 2, z, 1.89, 4.4...       2054408
27  18-11-22_16-26-54          z       8     67.08           51.85         25.36        2.5361         26.49        2.6492  [[8, 1, z, 0.0, 0.0, 0.0], [8, 2, z, 1.35, 4.5...       2054408
28  18-11-22_16-26-54          z      16     67.08           53.22         23.76        2.3755         29.46        2.9460  [[16, 1, z, 0.0, 0.0, 0.0], [16, 2, z, 1.22, 6...       2062600
29  18-11-22_16-26-54          z      32     67.08           70.38         22.69        2.2695         47.69        4.7686  [[32, 1, z, 0.0, 0.0, 0.0], [32, 2, z, 1.15, 1...       2070792
30  18-11-22_16-26-54          z      64     67.08           96.98         22.32        2.2324         74.66        7.4660  [[64, 1, z, 0.0, 0.0, 0.0], [64, 2, z, 1.09, 2...       2070792
31  18-11-22_16-26-54          z     128     67.08          125.99         22.00        2.2001        103.99       10.3987  [[128, 1, z, 0.0, 0.0, 0.0], [128, 2, z, 1.06,...       2066696
32  18-11-22_16-26-54         xy       1     67.08          276.64         40.58        4.0577        236.06       23.6064  [[1, 1, xy, 0.0, 0.0, 0.0], [1, 2, xy, 2.79, 7...       2054408
33  18-11-22_16-26-54         xy       2     67.08          155.23         32.80        3.2800        122.43       12.2432  [[2, 1, xy, 0.0, 0.0, 0.0], [2, 2, xy, 2.04, 5...       2058504
34  18-11-22_16-26-54         xy       4     67.08           97.01         28.99        2.8994         68.02        6.8020  [[4, 1, xy, 0.0, 0.0, 0.0], [4, 2, xy, 1.86, 4...       2058504
35  18-11-22_16-26-54         xy       8     67.08           74.17         25.38        2.5382         48.79        4.8793  [[8, 1, xy, 0.0, 0.0, 0.0], [8, 2, xy, 1.36, 4...       2058504
36  18-11-22_16-26-54         xy      16     67.08          136.77         23.73        2.3729        113.04       11.3044  [[16, 1, xy, 0.0, 0.0, 0.0], [16, 2, xy, 1.2, ...       2058504
37  18-11-22_16-26-54         xy      32     67.08          140.19         22.56        2.2560        117.63       11.7629  [[32, 1, xy, 0.0, 0.0, 0.0], [32, 2, xy, 1.09,...       2058504
38  18-11-22_16-26-54         xy      64     67.08          175.57         22.34        2.2344        153.23       15.3233  [[64, 1, xy, 0.0, 0.0, 0.0], [64, 2, xy, 1.06,...       2058504
39  18-11-22_16-26-54         xy     128     67.08          202.97         21.99        2.1990        180.98       18.0976  [[128, 1, xy, 0.0, 0.0, 0.0], [128, 2, xy, 1.0...       2058504
40  18-11-22_16-26-54         xz       1     67.08           70.57         40.69        4.0693         29.88        2.9880  [[1, 1, xz, 0.0, 0.0, 0.0], [1, 2, xz, 2.78, 4...       2054408
41  18-11-22_16-26-54         xz       2     67.08           58.30         32.85        3.2847         25.45        2.5446  [[2, 1, xz, 0.0, 0.0, 0.0], [2, 2, xz, 2.04, 4...       2054408
42  18-11-22_16-26-54         xz       4     67.08           52.29         29.02        2.9016         23.27        2.3273  [[4, 1, xz, 0.0, 0.0, 0.0], [4, 2, xz, 1.84, 3...       2054408
43  18-11-22_16-26-54         xz       8     67.08           49.17         25.35        2.5353         23.82        2.3823  [[8, 1, xz, 0.0, 0.0, 0.0], [8, 2, xz, 1.35, 4...       2054408
44  18-11-22_16-26-54         xz      16     67.08           77.26         23.85        2.3850         53.41        5.3415  [[16, 1, xz, 0.0, 0.0, 0.0], [16, 2, xz, 1.19,...       2054408
45  18-11-22_16-26-54         xz      32     67.08          121.20         22.60        2.2603         98.60        9.8597  [[32, 1, xz, 0.0, 0.0, 0.0], [32, 2, xz, 1.08,...       2054408
46  18-11-22_16-26-54         xz      64     67.08          160.08         22.32        2.2319        137.76       13.7755  [[64, 1, xz, 0.0, 0.0, 0.0], [64, 2, xz, 1.04,...       2054408
47  18-11-22_16-26-54         xz     128     67.08          192.33         22.05        2.2045        170.28       17.0285  [[128, 1, xz, 0.0, 0.0, 0.0], [128, 2, xz, 1.0...       2054408
48  18-11-22_16-26-54         yz       1     67.08           73.32         40.51        4.0509         32.81        3.2807  [[1, 1, yz, 0.0, 0.0, 0.0], [1, 2, yz, 2.78, 4...       2050312
49  18-11-22_16-26-54         yz       2     67.08           59.90         32.82        3.2820         27.08        2.7080  [[2, 1, yz, 0.0, 0.0, 0.0], [2, 2, yz, 2.05, 3...       2058504
50  18-11-22_16-26-54         yz       4     67.08           54.54         29.05        2.9049         25.49        2.5491  [[4, 1, yz, 0.0, 0.0, 0.0], [4, 2, yz, 1.87, 3...       2054408
51  18-11-22_16-26-54         yz       8     67.08           51.80         25.35        2.5347         26.45        2.6454  [[8, 1, yz, 0.0, 0.0, 0.0], [8, 2, yz, 1.34, 4...       2054408
52  18-11-22_16-26-54         yz      16     67.08           71.57         23.68        2.3683         47.89        4.7894  [[16, 1, yz, 0.0, 0.0, 0.0], [16, 2, yz, 1.2, ...       2062600
53  18-11-22_16-26-54         yz      32     67.08           99.34         22.59        2.2591         76.75        7.6750  [[32, 1, yz, 0.0, 0.0, 0.0], [32, 2, yz, 1.12,...       2070792
54  18-11-22_16-26-54         yz      64     67.08          127.63         22.35        2.2350        105.28       10.5282  [[64, 1, yz, 0.0, 0.0, 0.0], [64, 2, yz, 1.1, ...       2066696
55  18-11-22_16-26-54         yz     128     67.08          152.47         22.00        2.1998        130.47       13.0465  [[128, 1, yz, 0.0, 0.0, 0.0], [128, 2, yz, 1.0...       2066696
56  18-11-22_16-26-54        xyz       1     67.08           73.62         40.60        4.0604         33.02        3.3017  [[1, 1, xyz, 0.0, 0.0, 0.0], [1, 2, xyz, 2.78,...       2050312
57  18-11-22_16-26-54        xyz       2     67.08           59.43         32.81        3.2814         26.62        2.6624  [[2, 1, xyz, 0.0, 0.0, 0.0], [2, 2, xyz, 2.04,...       2054408
58  18-11-22_16-26-54        xyz       4     67.08           52.98         29.01        2.9010         23.97        2.3974  [[4, 1, xyz, 0.0, 0.0, 0.0], [4, 2, xyz, 1.85,...       2054408
59  18-11-22_16-26-54        xyz       8     67.08           49.08         25.35        2.5350         23.73        2.3727  [[8, 1, xyz, 0.0, 0.0, 0.0], [8, 2, xyz, 1.35,...       2054408
60  18-11-22_16-26-54        xyz      16     67.08           68.61         23.73        2.3732         44.88        4.4881  [[16, 1, xyz, 0.0, 0.0, 0.0], [16, 2, xyz, 1.2...       2054408
61  18-11-22_16-26-54        xyz      32     67.08           96.60         22.57        2.2570         74.03        7.4030  [[32, 1, xyz, 0.0, 0.0, 0.0], [32, 2, xyz, 1.0...       2054408
62  18-11-22_16-26-54        xyz      64     67.08          107.13         22.47        2.2475         84.66        8.4658  [[64, 1, xyz, 0.0, 0.0, 0.0], [64, 2, xyz, 1.0...       2054408
63  18-11-22_16-26-54        xyz     128     67.08          117.11         22.04        2.2038         95.07        9.5067  [[128, 1, xyz, 0.0, 0.0, 0.0], [128, 2, xyz, 1...       2054408
64  18-11-22_16-26-54  automatic      16     67.08           42.45         22.63        2.2627         19.82        1.9820  [[16, 1, automatic, 0.0, 0.0, 0.0], [16, 2, au...       2036512


Total runtime of every implementation (excl. auto): 8624.020s

Total runtime of every implementation (incl. auto): 8666.470s


Total runtime including script: 9367.263s
